2.4
9 9
0 0 0 0 0 0 0 0 0
0 2 2 2 1 1 1 0 0
0 2 2 5 4 1 1 Sub_Map_0 0
0 1 1 1 1 1 1 1 0
0 1 1 Sub_Map_1 1 Sub_Map_2 1 1 0
0 1 1 1 1 1 1 1 0
0 1 3 3 1 3 3 1 0
0 0 0 0 1 0 0 0 0
0 0 0 0 0 0 0 0 0
0 0 0 0 0 0 0 0 0
0 2 2 2 1 1 1 0 0
0 2 2 5 1 1 1 1 0
0 1 1 1 1 1 1 1 0
0 1 1 1 1 1 1 1 0
0 1 1 1 1 1 1 1 0
0 1 1 1 1 1 1 1 0
0 0 0 0 1 0 0 0 0
0 0 0 0 0 0 0 0 0
Sub_Map_0
5 5
0 0 0 0 0
0 0 0 0 0
0 0 0 0 0
1 1 1 1 0
0 0 1 1 0
0 0 0 0 0
0 0 0 0 0
0 0 0 0 0
1 1 1 1 0
0 0 1 1 0
Sub_Map_1
5 5
0 0 0 0 0
0 0 0 0 0
0 0 0 0 0
1 1 1 1 0
0 0 1 1 0
0 0 0 0 0
0 0 0 0 0
0 0 0 0 0
1 1 1 1 0
0 0 1 1 0
Sub_Map_2
5 5
0 0 0 0 0
0 0 0 0 0
0 0 0 0 0
1 1 1 1 0
0 0 1 1 0
0 0 0 0 0
0 0 0 0 0
0 0 0 0 0
1 1 1 1 0
0 0 1 1 0
